11316
27866
52415
16340
21427
24079
33061
25236
14162
27653
46149
4410
61397
9436
43871
30236
5665
50616
25173
32518
6335
18397
25832
56882
57597
50774
38598
51245
27237
38461
2722
28387
4390
14513
35485
33125
41005
38158
47262
42869
6886
20502
8938
58854
695
16891
29640
38766
25066
60849
6500
37620
16039
57352
45240
48898
40394
14496
57945
40973
57365
35541
44494
63186
51698
15489
48819
48034
51059
36172
61954
17684
10609
18013
47124
12970
60943
32952
17677
26776
48226
1063
15472
36759
47486
2472
41182
52276
49631
65351
44425
52061
61077
41002
61315
34699
34516
59091
32819
57760
3523
12584
58342
3154
53004
17018
30306
63293
33766
36613
57113
8546
39748
37706
5702
10428
41983
38859
40714
55119
60478
39873
49158
33885
53070
44907
26326
13399
26631
34013
43748
43476
35518
44288
27678
28631
29679
55847
41420
2027
33211
41476
38920
47002
27366
58070
36518
46734
40889
62181
5597
41907
5447
45715
49892
31235
31528
4222
48226
44979
27706
26747
29478
37456
17799
49735
6754
19058
48
30562
2802
38933
21975
22867
53774
20408
3887
32387
54484
52824
11175
21610
64020
2426
29940
11782
62049
65278
31334
62929
28336
10361
9228
61214
50944
11783
26071
2965
22528
32383
50299
35751
51045
11704
39343
45926
44642
42625
27029
56694
5917
25669
20424
13148
12467
12635
3601
41425
31923
57784
43394
6447
5026
24578
43653
59837
64555
15120
64028
45496
44157
61001
18380
17433
55023
32234
49461
37585
32044
62373
25619
43701
51045
63016
7615
25052
21039
27018
24185
28626
3531
27990
29442
14734
38620
31040
25234
58825
19222
486
53904
4555
40774
19814
31274
16061
13791
45665
32571
21666
27241
50535
292
11929
60589
16181
34405
23486
19092
5019
46158
11712
2089
5053
65109
59876
62767
235
63869
55070
38648
32171
61781
54337
46676
19233
52321
49316
56403
38897
24260
63404
59352
21817
61632
22847
416
62667
1129
17948
22198
11108
43057
52182
60060
16529
54189
12536
62724
44699
11882
41719
722
52585
3981
62717
4573
38357
44216
60709
10880
13839
4455
21725
21476
54625
10836
60921
57372
3122
39912
8166
56917
59106
15491
64654
25361
54585
29912
31285
23492
24300
57035
3035
54144
28248
46967
15456
9464
14165
59571
32262
16896
20308
62113
59537
23950
14236
3001
20419
14779
2399
44807
41842
43850
61204
8597
23884
36448
52704
27420
22392
8257
50851
55266
32406
7871
48920
29572
43356
2889
51784
29636
31927
52248
19198
16436
44254
42326
60606
32052
28337
7520
54963
10126
22804
64944
45540
40683
57364
58638
36728
18958
37864
6691
24269
60723
16419
50999
19453
37494
19593
64428
2194
4877
31869
44290
1906
34689
34029
6951
7508
39531
22119
2492
42432
30079
23211
64781
19717
41329
63035
21790
24251
10094
6083
44626
2527
54276
31911
17800
25672
121
5170
22495
12974
28180
54697
9275
5569
51167
47433
39231
56135
24673
56707
3293
22794
58035
18483
1664
37333
28343
64537
2264
32814
2050
7477
63581
61918
17365
46938
48720
30832
46395
2412
55592
53271
1151
25028
55752
56868
51702
1327
15384
52350
57456
62999
28854
63176
47988
60764
22501
41540
32041
26041
23187
33057
49516
13859
61670
8060
56281
7040
58680
49501
14086
32290
23047
18598
35025
14538
22662
11651
11291
46308
63318
52863
30787
7955
29864
42152
52245
6166
38917
42669
61772
11406
30080
10676
53513
41733
4364
19004
19825
11864
11517
45234
45788
44078
48343
55030
8222
61267
30060
44022
41895
21764
59311
4883
36561
30401
37901
44175
45966
8230
48060
7362
16374
65060
9075
38870
42950
31408
62164
24979
19367
25100
50296
43528
10642
17766
28542
21445
1739
54729
9181
48196
62293
29397
57810
13796
22099
60971
55747
2653
35604
40887
51235
16229
30086
43985
18349
842
60160
9007
28309
20237
49060
2473
57517
34101
12773
29871
3093
23124
6724
47260
14060
17515
5784
60826
48727
52005
4931
7577
49333
684
25269
56558
61885
1937
41508
23401
34472
43685
10839
39825
46431
29033
49711
11785
54225
22922
53145
53265
38547
17870
51127
41327
36778
57114
8693
22755
58019
59182
26707
14840
8546
17046
4847
25721
39071
17977
60149
63726
39647
26965
35471
5820
59497
20673
55845
50125
29011
4632
57231
48070
55156
34726
57296
6479
14447
63036
22626
61408
34519
7970
10088
43862
44143
2163
58192
21795
41369
22311
49239
26946
54934
30367
58723
26431
44407
2986
65522
49738
16107
19184
39141
48718
21353
55034
53103
27617
60706
18034
62875
39348
14516
33423
10132
50252
29222
54687
34313
56422
44131
60646
47389
64986
21163
52643
56933
48164
16454
64852
58892
39802
62109
63336
41735
17793
24569
47349
48487
27544
36996
19354
11644
32453
7054
3601
40977
6773
63244
10552
59532
25597
42691
30106
37574
43378
19031
48732
27862
11970
33013
7342
1645
38132
48588
20824
16595
23712
54581
57906
3379
14050
3708
5711
57439
44816
25901
5876
34870
65501
21857
50146
22821
61555
15547
39148
54970
30137
9215
10149
23166
41360
32625
38025
62733
33240
58683
37217
4266
54120
56410
61724
50867
32350
11103
2666
33906
22904
38842
12243
31866
40309
60334
62603
33171
12475
42417
20196
42112
47627
42748
55864
14215
28661
990
5304
30555
24005
9756
61483
57745
22051
23424
337
25318
52239
49210
1673
50197
5148
63662
1602
43109
11908
6226
28200
46757
48827
20120
4047
8443
37659
56929
42164
17242
28442
37887
23601
57528
18630
26650
28844
7494
63163
32322
38919
32163
19336
58398
29833
20781
46503
50354
47461
13710
56603
33285
9852
7378
4325
57628
40224
2725
7082
10444
34968
51830
49088
30115
31795
13299
25674
15457
62309
18270
42698
56168
26983
60499
37667
33381
49936
28039
16289
41109
10651
49048
49026
28009
48599
8657
40130
10188
58195
62150
58937
62763
38990
31048
61707
11789
21604
35261
4371
43432
4772
4443
8881
46991
30453
47532
60980
56835
51210
43052
22979
50986
49436
19749
30383
40847
61401
52023
43659
20290
29900
39855
14265
44167
65062
9226
62556
65120
51190
15401
3624
50494
18378
33738
52643
58586
1778
34410
43061
33227
35882
20412
56902
29754
13722
19926
60855
19845
36148
23055
22964
1102
7614
64501
33597
18641
44122
33691
25117
56581
11207
22309
63687
39185
55692
48218
65211
49043
62649
53000
55551
7610
65396
6601
63290
3182
49896
7491
47678
39131
32366
50034
22149
61217
4360
26282
42670
6310
13842
26454
36756
27675
28035
52721
44374
54969
4914
49400
16144
51163
55847
38525
12792
53571
5811
32561
19667
33331
24213
35572
40428
6451
20387
32294
49318
2935
11802
22679
26747
12317
20835
56306
62905
27867
29639
62875
2394
55170
17627
59366
63681
22610
37366
62964
19524
25238
53766
19831
50366
30633
25748
59227
43226
62151
50502
9523
49844
23998
57302
27256
46667
1684
33362
51030
26881
12294
14148
50297
36450
26998
3264
21721
5903
63936
37673
4487
63482
58091
44124
